Halifax
Nova Scotia
9
14
407.4,1,409.2,1,411.3,1,398.2,1,398.1,1,387.5,1,394.1,1,391.2,1,396.3,1,384.1,1,369.5,0,362.4,0,361.3,0,368.2,0,
399.2,1,402.1,1,404.8,1,408.9,1,411.6,1,413.8,1,412.2,1,410.2,1,411.4,1,415.3,1,409.4,0,406.3,0,403.8,0,401.2,0,
380.9,1,392.4,1,405.2,1,403.3,1,401.9,1,399.4,1,396.3,1,395.2,1,398.4,1,401.3,1,402.6,1,401.5,0,402.3,0,400.9,0,
387.9,1,394.2,1,401.3,1,403.2,1,402.1,1,405.2,1,409.6,1,407.3,1,411.8,1,416.8,0,419.4,0,418.2,0,418.1,0,417.3,0,
395.3,1,391.3,1,403.2,1,402.1,1,401.9,1,403.8,1,404.2,1,406.9,1,412.9,0,413.9,0,415.6,0,418.7,0,419.9,0,420.2,0,
382.3,1,389.2,1,391.3,1,396.4,1,398.2,1,402.1,1,405.6,1,408.8,1,407.3,0,411.3,0,415.4,0,418.9,0,421.3,0,425.3,0,
379.3,1,383.2,1,384.2,1,386.2,1,391.2,1,389.5,1,394.5,1,401.2,1,406.4,0,411.2,0,413.8,0,428.4,0,432.1,0,431.2,0,
372.9,0,381.9,1,384.2,1,382.9,1,383.4,1,385.3,1,388.4,1,385.2,1,386.3,1,394.9,0,401.3,0,409.6,0,413.3,0,412.8,0,
364.3,0,369.8,0,372.1,0,378.3,1,384.2,1,394.1,1,396.7,1,402.3,1,408.3,1,412.3,1,424.5,0,430.5,0,428.3,0,428.2,0,