Saint John
New Brunswick
8
14
389.2,1,390.4,1,392.5,1,394.2,1,396.2,1,395.0,1,392.2,0,390.0,1,391.4,1,411.3,1,420.1,1,424.3,1,438.8,0,427.3,1,
382.3,1,376.3,1,384.2,1,389.1,1,397.3,1,403.8,1,409.2,1,414.7,1,415.2,1,417.9,1,421.5,1,426.3,0,428.1,0,430.5,0,
383.4,1,385.8,1,386.9,1,389.1,1,392.5,1,396.2,1,401.4,1,407.3,2,409.8,1,416.5,1,421.9,0,426.3,0,431.0,0,434.1,0,
381.3,0,384.2,0,389.2,1,391.6,1,396.4,1,398.2,1,400.3,1,401.2,0,413.1,0,415.6,0,426.2,0,434.1,0,439.3,0,441.9,0,
392.7,1,396.9,0,397.3,0,398.7,1,401.2,0,403.5,0,409.8,1,411.2,0,412.3,0,416.7,0,418.7,0,423.9,0,429.8,0,434.7,0,
394.9,0,398.4,0,401.2,1,402.5,0,405.6,0,408.4,0,410.3,1,412.9,1,416.3,0,419.7,0,421.7,0,422.3,1,425.2,1,421.9,0,
403.7,0,416.8,0,405.8,0,407.9,1,410.4,1,412.3,1,410.3,0,408.7,0,407.2,0,406.3,0,411.2,0,412.5,0,419.4,1,420.8,0,
402.8,1,405.6,1,408.2,1,410.3,1,412.9,1,414.2,1,415.7,0,412.2,0,413.9,0,410.4,0,409.8,0,411.2,0,415.2,1,417.8,1,